0 0.391328 0.637444 0.090563 0.194167
0 0.734879 0.798604 0.118602 0.186236
0 0.400973 0.415917 0.038117 0.037000
0 0.333816 0.486021 0.042555 0.046042
0 0.322051 0.417250 0.041477 0.034167
0 0.913605 0.577306 0.082945 0.086500
0 0.251699 0.551090 0.041086 0.049458
0 0.292254 0.506646 0.039008 0.062097
0 0.328020 0.541375 0.038570 0.062972
0 0.508844 0.566375 0.054641 0.063167
0 0.897281 0.460250 0.070922 0.064389
0 0.301063 0.596229 0.042797 0.074347
0 0.544289 0.733528 0.073797 0.110306
0 0.748547 0.577972 0.070609 0.064361
0 0.737738 0.492535 0.051555 0.051847
0 0.293238 0.778486 0.072430 0.150000
0 0.289633 0.440042 0.036016 0.038472
0 0.261445 0.451903 0.033781 0.032722
0 0.261234 0.481285 0.035875 0.032347
0 0.372754 0.476715 0.039758 0.040819
0 0.431324 0.508243 0.048680 0.065569
