0 0.955594 0.604542 0.060469 0.071000
0 0.653844 0.437993 0.128250 0.094319
0 0.258871 0.546056 0.041852 0.098833
0 0.565293 0.478840 0.051898 0.052153
0 0.682031 0.497563 0.052500 0.052875
0 0.800590 0.506889 0.063258 0.047667
0 0.567648 0.498556 0.055547 0.091250
0 0.778430 0.655236 0.084578 0.071583
0 0.219020 0.395590 0.024273 0.027847
0 0.283691 0.400785 0.027648 0.025125
0 0.249125 0.400236 0.029188 0.029500
0 0.303023 0.421625 0.022375 0.021333
0 0.362219 0.412938 0.025188 0.030292
0 0.344090 0.431743 0.027539 0.029375
0 0.388387 0.427257 0.030758 0.035903
0 0.505527 0.425826 0.109820 0.090681
0 0.372258 0.509924 0.043187 0.055569
0 0.320215 0.479146 0.040164 0.039819
0 0.274535 0.489576 0.040523 0.048042
0 0.627570 0.873236 0.119422 0.176917
0 0.469000 0.969215 0.115641 0.061569
0 0.252051 0.944736 0.115633 0.110528
0 0.332496 0.536979 0.043039 0.062375
0 0.709703 0.551840 0.060687 0.062014
0 0.821996 0.559021 0.068773 0.055764
0 0.424316 0.566549 0.052336 0.080403
0 0.301055 0.650069 0.051656 0.093056
