0 0.929129 0.608486 0.083602 0.075306
0 0.676910 0.580743 0.062211 0.066819
0 0.522504 0.693181 0.066523 0.116250
0 0.682719 0.721694 0.086203 0.128083
0 0.811191 0.676153 0.085023 0.082917
0 0.545508 0.583361 0.069078 0.104444
0 0.286141 0.631625 0.047609 0.075111
0 0.275023 0.587604 0.040469 0.051681
0 0.237684 0.521569 0.037883 0.049972
0 0.202094 0.474896 0.034641 0.045653
0 0.329328 0.546382 0.043719 0.060597
0 0.340871 0.493778 0.041930 0.050833
0 0.345535 0.464667 0.036445 0.026333
0 0.444660 0.464931 0.040305 0.039500
0 0.499410 0.483632 0.051414 0.048986
0 0.676148 0.962069 0.112328 0.075861
0 0.536410 0.435937 0.041258 0.041264
0 0.472438 0.425896 0.046609 0.047958
0 0.392371 0.442417 0.034289 0.042056
0 0.663152 0.476292 0.043758 0.030861
0 0.840418 0.959729 0.047195 0.068264
0 0.282738 0.782111 0.078508 0.169556
0 0.236246 0.398549 0.027414 0.028708
0 0.265785 0.446028 0.042445 0.038778
0 0.214375 0.439396 0.034531 0.032653
0 0.280859 0.989979 0.081875 0.020042
0 0.190270 0.395729 0.016820 0.022236
0 0.264566 0.410111 0.022117 0.025611
0 0.314023 0.417271 0.028797 0.029569
0 0.936516 0.692208 0.085641 0.076556
0 0.979398 0.580125 0.041125 0.071694
0 0.447281 0.573403 0.053781 0.065833
0 0.610254 0.474090 0.050336 0.051625
0 0.596523 0.529813 0.038641 0.048931
0 0.397578 0.657521 0.069687 0.137236
