0 0.407902 0.436653 0.033086 0.032306
0 0.374730 0.441083 0.035664 0.032611
0 0.819043 0.924931 0.157789 0.150139
0 0.430543 0.934792 0.141586 0.130417
0 0.454215 0.520562 0.049773 0.057903
0 0.345754 0.488333 0.046086 0.063361
0 0.265105 0.483972 0.045164 0.056806
0 0.613719 0.469938 0.036594 0.047653
0 0.482750 0.459958 0.040453 0.051111
0 0.306184 0.413299 0.020102 0.019597
0 0.575605 0.480167 0.052039 0.051056
0 0.482926 0.471910 0.041492 0.029542
0 0.386320 0.626479 0.060344 0.094069
0 0.456922 0.587201 0.055906 0.070347
0 0.276934 0.604681 0.046836 0.076667
0 0.584766 0.524347 0.049844 0.047972
0 0.785410 0.561993 0.099039 0.095264
0 0.850078 0.562396 0.061766 0.079153
0 0.718422 0.604090 0.064609 0.080347
0 0.528711 0.726479 0.068359 0.103097
0 0.172664 0.398028 0.014672 0.023444
0 0.185703 0.385910 0.019109 0.029236
0 0.212566 0.404965 0.028742 0.044375
0 0.249832 0.398833 0.026820 0.023444
