0 0.342871 0.543014 0.040086 0.067778
0 0.516555 0.441521 0.045375 0.046458
0 0.385160 0.426375 0.016867 0.028000
0 0.364914 0.437521 0.038234 0.042292
0 0.432758 0.422889 0.035969 0.036861
0 0.176309 0.393181 0.022508 0.023444
0 0.198211 0.398132 0.017906 0.029042
0 0.834895 0.551479 0.080805 0.067736
0 0.970188 0.720812 0.059625 0.118931
0 0.254277 0.457993 0.032523 0.036875
0 0.244160 0.430326 0.038414 0.035292
0 0.326000 0.420424 0.029766 0.032042
0 0.287059 0.406167 0.029430 0.028222
0 0.215758 0.398771 0.017188 0.029903
0 0.248516 0.519306 0.046250 0.081667
0 0.289559 0.594861 0.081930 0.180000
0 0.722699 0.548438 0.064523 0.070153
0 0.595125 0.528715 0.048922 0.060597
0 0.839027 0.618604 0.091758 0.080875
0 0.499820 0.556868 0.065250 0.073042
0 0.532348 0.674667 0.070008 0.105194
0 0.491508 0.462472 0.038531 0.040222
0 0.626020 0.499549 0.052102 0.053181
0 0.447813 0.457743 0.046500 0.048264
0 0.440617 0.581764 0.052109 0.067083
0 0.353422 0.465382 0.048797 0.066292
