0 0.210562 0.404132 0.020828 0.029625
0 0.313867 0.415049 0.029781 0.041597
0 0.366016 0.424792 0.040141 0.047306
0 0.246949 0.907264 0.098727 0.153556
0 0.877773 0.645674 0.082687 0.071264
0 0.576258 0.483083 0.050875 0.052889
0 0.774734 0.870417 0.118641 0.148306
0 0.456187 0.604014 0.051344 0.077194
0 0.715336 0.513646 0.055375 0.059792
0 0.700340 0.598917 0.066695 0.071306
0 0.267227 0.587076 0.047422 0.076542
0 0.850840 0.694007 0.089523 0.083181
0 0.340656 0.542938 0.051359 0.061986
0 0.284801 0.690958 0.060633 0.132806
0 0.409402 0.675194 0.059086 0.113833
0 0.369937 0.408979 0.035328 0.026764
0 0.420676 0.544215 0.055117 0.078236
0 0.496766 0.551528 0.054297 0.060694
0 0.445395 0.465007 0.039695 0.040986
0 0.521508 0.659229 0.071312 0.121264
0 0.673680 0.958153 0.120406 0.083694
0 0.237172 0.520535 0.036375 0.054764
0 0.264656 0.484660 0.040359 0.045319
0 0.228410 0.452563 0.039039 0.041542
0 0.242105 0.409778 0.034711 0.032444
0 0.263430 0.398139 0.025391 0.025389
