0 0.189508 0.393729 0.023578 0.026958
0 0.253449 0.404083 0.032445 0.032917
0 0.985582 0.636264 0.028383 0.087583
0 0.853082 0.942514 0.107055 0.108250
0 0.273965 0.839493 0.085648 0.135764
0 0.507133 0.464465 0.040359 0.037986
0 0.423809 0.421687 0.037070 0.034153
0 0.382117 0.624201 0.050766 0.077236
0 0.239656 0.521167 0.040266 0.063167
0 0.307414 0.529340 0.047016 0.072653
0 0.633012 0.561507 0.050867 0.050625
0 0.830715 0.614590 0.071617 0.067208
0 0.566957 0.448035 0.044039 0.049014
0 0.564055 0.488917 0.048547 0.048556
0 0.431297 0.898854 0.102797 0.202292
0 0.597891 0.640590 0.072500 0.086403
0 0.294391 0.465882 0.040266 0.051125
0 0.861156 0.709507 0.106687 0.105431
0 0.664336 0.518819 0.051328 0.053472
0 0.336758 0.421069 0.028359 0.039028
0 0.230969 0.399104 0.015937 0.024792
