0 0.384297 0.482944 0.045344 0.047944
0 0.835090 0.691472 0.090305 0.088722
0 0.555629 0.460847 0.035242 0.038972
0 0.282715 0.652715 0.056102 0.099875
0 0.323359 0.515882 0.047531 0.090819
0 0.502848 0.649896 0.069930 0.107847
0 0.245195 0.468882 0.037844 0.045958
0 0.352063 0.438153 0.024984 0.019639
0 0.396699 0.429840 0.020930 0.020986
0 0.474445 0.467375 0.056922 0.043306
0 0.825617 0.553174 0.072453 0.071042
0 0.765852 0.602361 0.068687 0.075500
0 0.559059 0.775174 0.082117 0.124764
0 0.485961 0.466681 0.033984 0.043111
0 0.204840 0.394931 0.035195 0.030694
0 0.306254 0.405139 0.027117 0.030500
0 0.271609 0.410549 0.028000 0.029514
0 0.322715 0.421271 0.030742 0.037736
0 0.219230 0.931174 0.124211 0.137653
0 0.429820 0.943021 0.136109 0.113958
0 0.314687 0.478938 0.043797 0.035292
0 0.262887 0.546222 0.043414 0.062694
0 0.622613 0.451743 0.046289 0.029875
0 0.631184 0.476437 0.051086 0.037792
0 0.615238 0.506604 0.052117 0.055458
0 0.971316 0.715458 0.057367 0.114000
