0 0.659371 0.514181 0.059820 0.047861
0 0.240484 0.466326 0.041906 0.049708
0 0.502387 0.554028 0.049195 0.056472
0 0.267316 0.539250 0.040164 0.069194
0 0.620637 0.550562 0.052273 0.055542
0 0.866848 0.720812 0.096039 0.097514
0 0.369000 0.510146 0.049859 0.059986
0 0.733398 0.621396 0.071641 0.074458
0 0.367109 0.417750 0.015797 0.019528
0 0.348180 0.430396 0.035031 0.033292
0 0.560852 0.510090 0.048672 0.048569
0 0.289469 0.501903 0.037484 0.041806
0 0.227262 0.470313 0.069102 0.060264
0 0.779273 0.545604 0.044672 0.039958
0 0.440039 0.441576 0.037484 0.042653
0 0.745027 0.559569 0.055695 0.054778
0 0.396125 0.691528 0.059344 0.093444
0 0.222520 0.425313 0.033742 0.032847
0 0.217199 0.400417 0.032898 0.032861
0 0.453012 0.957083 0.122164 0.085833
0 0.508066 0.446188 0.117570 0.135569
