0 0.263273 0.415854 0.022969 0.026347
0 0.766156 0.642278 0.077375 0.085111
0 0.920125 0.651618 0.100234 0.102764
0 0.703902 0.503556 0.056852 0.056694
0 0.628617 0.510549 0.052250 0.047597
0 0.650879 0.573160 0.051320 0.038792
0 0.467348 0.438743 0.040352 0.050375
0 0.308668 0.521285 0.039961 0.057486
0 0.544996 0.502125 0.044727 0.050056
0 0.657918 0.699174 0.088586 0.113542
0 0.401004 0.677424 0.060992 0.114903
0 0.443539 0.502944 0.049437 0.066778
0 0.352504 0.413264 0.024742 0.037472
0 0.693453 0.502632 0.035781 0.050653
0 0.417891 0.434028 0.041094 0.038889
0 0.370699 0.586160 0.050164 0.079819
0 0.872016 0.931986 0.145187 0.136028
0 0.663105 0.966562 0.114258 0.066875
0 0.257453 0.479271 0.035953 0.047514
0 0.249945 0.446958 0.035578 0.037944
0 0.201520 0.448590 0.023633 0.033875
0 0.332266 0.482299 0.040625 0.048625
0 0.375148 0.517701 0.043547 0.051458
0 0.380727 0.477576 0.038766 0.044847
0 0.542820 0.454021 0.048422 0.051403
0 0.498109 0.628722 0.066484 0.102194
0 0.217270 0.405153 0.021898 0.022083
0 0.238543 0.406812 0.024164 0.026375
0 0.188293 0.393097 0.016617 0.017639
0 0.407055 0.413528 0.032016 0.031417
0 0.531664 0.582667 0.054969 0.070806
0 0.231348 0.918174 0.142695 0.163653
0 0.597602 0.826569 0.094047 0.139778
