0 0.497332 0.481389 0.042758 0.038750
0 0.635223 0.557438 0.058961 0.051931
0 0.772852 0.652861 0.078312 0.090583
0 0.814422 0.519597 0.059906 0.057917
0 0.768801 0.568944 0.067367 0.067306
0 0.608117 0.889674 0.110719 0.182292
0 0.275813 0.707993 0.062688 0.101264
0 0.271941 0.832722 0.080508 0.161889
0 0.686523 0.742688 0.090188 0.116347
0 0.462691 0.949444 0.114289 0.095083
0 0.326355 0.416861 0.034852 0.035861
0 0.965617 0.707667 0.064375 0.065278
0 0.554844 0.469861 0.054375 0.060556
0 0.237383 0.530910 0.037328 0.060042
0 0.273645 0.486354 0.035898 0.046764
0 0.309727 0.468028 0.041234 0.045500
0 0.378336 0.620021 0.059016 0.103014
0 0.476984 0.612118 0.065766 0.096069
0 0.597762 0.469076 0.036492 0.050597
0 0.427688 0.436063 0.044312 0.043486
0 0.397527 0.449382 0.036492 0.034153
0 0.240230 0.409722 0.024227 0.024694
0 0.267848 0.411194 0.024883 0.024694
0 0.193660 0.398181 0.017336 0.021333
