0 0.229715 0.405875 0.021773 0.025722
0 0.270531 0.437056 0.032750 0.030028
0 0.236863 0.443819 0.033602 0.031083
0 0.274137 0.463979 0.036102 0.035264
0 0.231941 0.470354 0.032273 0.034375
0 0.324777 0.446361 0.042680 0.046361
0 0.385199 0.482736 0.039070 0.041611
0 0.379047 0.513417 0.044234 0.060667
0 0.463984 0.521007 0.056844 0.067736
0 0.544156 0.581722 0.062438 0.086083
0 0.516156 0.434167 0.045578 0.039278
0 0.464187 0.453521 0.035125 0.037625
0 0.558859 0.448938 0.039172 0.036986
0 0.990824 0.642319 0.018023 0.057972
0 0.338211 0.525931 0.062266 0.090028
0 0.285625 0.625569 0.053938 0.103528
0 0.736105 0.518403 0.052773 0.050639
0 0.700043 0.537701 0.057023 0.058625
0 0.476270 0.632667 0.059898 0.081889
0 0.662418 0.469688 0.049117 0.045292
0 0.175297 0.376410 0.066125 0.070347
0 0.616543 0.497646 0.051570 0.059653
0 0.842543 0.615944 0.072773 0.069472
0 0.778332 0.642958 0.087617 0.117111
0 0.262273 0.898542 0.121719 0.191667
0 0.552844 0.472118 0.052297 0.055625
0 0.292566 0.503799 0.040148 0.049764
0 0.623305 0.679708 0.078016 0.101861
0 0.438078 0.582187 0.048578 0.062819
0 0.205137 0.473785 0.026133 0.029681
0 0.406379 0.451521 0.029742 0.037764
0 0.340102 0.422042 0.031375 0.025500
0 0.298441 0.406708 0.028773 0.025972
